0.03990077176789452728656  0.12058345847359101810081
0.46737058333190595327267  0.47907243408429317499397
0.23741407948619586143479  0.55392586361751849910462
0.45533846585381609894938  0.07292245132332855761526
0.62759313842684127937588  0.37340450440309935764560
0.39490065586962169730256  0.84428884365509471177091
0.41131616047820174220107  0.03737121527880265386967
0.95539092899557387372766  0.12625652874262777158876
0.08103665261530872132578  0.35352877547374533806490
0.50385883091248317988686  0.90129970320138674821919
0.85856075988158042644471  0.18725838091268154350644
0.97413242939600275249745  0.71907614068344627433760
0.83587111255552104527311  0.17177977304813865644384
0.29017491402162409741550  0.60517152875830693137260
0.05724613092051605151012  0.18967310651546892552588
0.26065144433606884932786  0.01157377936366634461895
0.63765293708144277218253  0.88546091267645887779025
0.36783736495952829015366  0.09077882676338845657771
0.78724087161651934430040  0.42683242110432006999332
0.42192243583191085809503  0.38011996419082128007005
0.65037340768853024730589  0.46877847710266212777341
0.00862822198109290672274  0.35907642134049200244306
0.48671496365772737302535  0.37295444214898859636165
0.54612408467132844691605  0.09844476364207420393537
0.88145827232737516965244  0.66764525240638605829702
0.11225669126764832583820  0.26084324916099937974323
0.68165699686932734735478  0.09455735909472974543011
0.08030416241846925762271  0.37566912784873124353524
0.28703827581507951327566  0.31666733895333515347303
0.98015704982007934020771  0.32876108392070718666744
0.14188691712048445703331  0.22366673614397966640688
0.98925330956207058186180  0.05756897263305412598688
0.16210371341503579389887  0.32598662076533341247497
0.40851869240756233381262  0.23862252388291940730092
0.63025278955621999443792  0.05353713829046015393320
0.98792394747297607171532  0.78227332916175951194049
0.70126942896663591042739  0.89739942726279042783943
0.74556110386639995457614  0.31367690004752468713178
0.48805365381038723349150  0.93323887963983764848308
0.23934667474264781361626  0.58488035466200571921291
0.21403439408366076168733  0.45878132552457751014430
0.97773827647828726039592  0.23392139369257217151876
0.39691455921950746787985  0.22112338054223490413364
0.42866194711418476037679  0.25128162626336475460320
0.68457403113519232906725  0.50520772583944340006212
0.84381120069270776351544  0.23390726096847502812892
0.27249971985364379589711  0.69183436232509165630944
0.37997175292248447364685  0.66353949901814124334720
0.15064991949080702715591  0.20475835047279997147562
0.55138668394424716900915  0.22744272716413593826701
0.49202976302159073807019  0.55446894181781924970664
0.04355617313686164365771  0.61860166384710335574226
0.30299078159996500891893  0.27615042506732362381783
0.33075486284821903337772  0.33851219739066717995257
0.37778796994826463473416  0.25880312906611474543794
0.10288394221075147783040  0.00516171908057786420210
0.41661726382550551273098  0.24449150637766453586508
0.50790817613095307070381  0.74587145993826153844708
0.78609080485417570649531  0.53556029100918722818392
0.15269440671477094162434  0.42782018313527114816708
